20171612040	笪谨	1	1
20171612041	战芷珍	10	10
20171612042	黄翔宇	20	20
20171612043	骑一南	30	30
20171612044	北霞	40	40
20171612045	覃妮	50	50
20171612046	偶莺语	60	60
20171612047	畅寄柔	70	70
20171612048	占妙	80	80
20171612049	邬水蓉	90	90
20171612050	五雨筠	100	100
20171612051	泥兴昌	110	110
20171612052	僪冷雪	120	120
20171612053	明力勤	130	130
20171612054	仇访彤	140	140
20171612055	矫正浩	150	150
20171612056	戚痴海	160	160
20171612057	乙莹莹	170	170
20171612058	毋玉树	180	180
20171612059	才傲旋	190	190
20171612060	茂秀雅	200	200
20171612061	越玄雅	210	210
20171612062	愚元思	220	220
20171612063	长君豪	230	230
20171612064	佴梦寒	240	240
20171612065	西门容	250	250
20171612066	戢冰安	260	260
20171612067	司马和硕	270	270
20171612068	能颖慧	280	280
20171612069	善绿蓉	290	290
20171612070	厍豪	300	300
20171612071	毛寻芳	310	310
20171612072	马佳采萱	320	320
20171612073	祭香彤	330	330
20171612074	丘舒兰	340	340
20171612075	昔嘉慕	350	350
20171612076	殳兰英	360	360
20171612077	邱贞	370	370
20171612078	中夏山	380	380
20171612079	刀海白	390	390
20171612080	竺彦慧	400	400
20171612081	南宫云梦	410	410
20171612082	李景平	420	420
20171612083	丰玄	430	430
20171612084	令狐瑞	440	440
20171612085	蚁琴音	450	450
20171612086	嘉飞松	460	460
20171612087	进莹然	470	470
20171612088	齐丽珠	480	480
20171612089	尧听枫	490	490
20171612090	金从雪	500	500
20171612091	堂元明	510	510
20171612092	顾凌文	520	520
20171612093	詹儒	530	530
20171612094	光晴虹	540	540
20171612095	弓果	550	550
20171612096	以宜	560	560
20171612097	针燕	570	570
20171612098	苏博厚	580	580
20171612099	纳喇乐	590	590
20171612100	危容	600	600
20171612101	台湘君	610	610
20171612102	卯德运	620	620
20171612103	歧晴雪	630	630
20171612104	象悟	640	640
20171612105	寸建华	650	650
20171612106	兰星儿	660	660
20171612107	哀信瑞	670	670
20171612108	勾幼白	680	680
20171612109	敬鸿朗	690	690
20171612110	池和暖	700	700
20171612111	化灵寒	710	710
20171612112	尤梦竹	720	720
20171612113	公西高达	730	730
20171612114	智昊天	740	740
20171612115	曹平露	750	750
20171612116	捷鸿飞	760	760
20171612117	原亦竹	770	770
20171612118	岑春琳	780	780
20171612119	虞明诚	790	790
20171612120	空凝丝	800	800
20171612121	张简玟丽	810	810
20171612122	陆鸿博	820	820
20171612123	劳迎彤	830	830
20171612124	毕巍奕	840	840
20171612125	函觅风	850	850
20171612126	悟璎	860	860
20171612127	庆运诚	870	870
20171612128	塞舒	880	880
20171612129	贝诗蕾	890	890
20171612130	闫沛凝	900	900
20171612131	洪慧心	910	910
20171612132	贾冬卉	920	920
20171612133	屠梦菲	930	930
20171612134	问芫华	940	940
20171612135	牢韶容	950	950
20171612136	笃怀雁	960	960
20171612137	侍寄波	970	970
20171612138	员乔	980	980
20171612139	学梦槐	990	990